1	1
2	2
3	2
4	2
5	2
6	4
7	4
8	4
9	4
10	4
11	6
12	8
13	6
14	6
15	6
16	6
17	8
18	8
19	8
20	8
21	8
22	8
23	8
24	6
25	8
26	10
27	12
28	12
29	12
30	6
31	12
32	10
33	6
34	8
35	12
36	10
37	12
38	10
39	14
40	12
41	12
42	12
43	8
44	10
45	16
46	12
47	12
48	8
49	10
50	12
51	10
52	12
53	12
54	10
55	14
56	10
57	12
58	10
59	12
60	10
61	12
62	14
63	12
64	12
65	18
66	14
67	14
68	10
69	12
70	10
71	12
72	12
73	14
74	10
75	14
76	12
77	16
78	12
79	12
80	14
81	12
82	18
83	18
84	10
85	10
86	14
87	22
88	10
89	14
90	12
91	16
92	12
93	16
94	14
95	20
96	16
97	18
98	12
99	18
100	14
101	14
102	16
103	14
104	16
105	14
106	14
107	14
108	14
109	16
110	14
111	12
112	12
113	14
114	12
115	18
116	12
117	18
118	16
119	14
120	16
121	14
122	12
123	16
124	14
125	18
126	14
127	16
128	14
129	14
130	20
131	12
132	14
133	16
134	12
135	16
136	14
137	16
138	16
139	14
140	12
141	16
142	20
143	14
144	14
145	18
146	20
147	16
148	14
149	20
150	16
151	16
152	16
153	16
154	18
155	16
156	12
157	12
158	16
159	18
160	16
161	16
162	12
163	16
164	18
165	18
166	16
167	16
168	12
169	20
170	14
171	16
172	16
173	18
174	20
175	14
176	18
177	16
178	16
179	14
180	20
181	18
182	14
183	16
184	18
185	20
186	24
187	14
188	14
189	20
190	16
191	20
192	14
193	20
194	18
195	18
196	14
197	18
198	16
199	14
200	16
201	18
202	20
203	20
204	16
205	16
206	18
207	14
208	16
209	18
210	14
211	20
212	16
213	20
214	16
215	18
216	14
217	18
218	18
219	16
220	22
221	16
222	18
223	20
224	24
225	18
226	20
227	20
228	22
229	16
230	22
231	18
232	18
233	18
234	22
235	20
236	16
237	20
238	16
239	18
240	22
241	16
242	18
243	18
244	16
245	20
246	20
247	24
248	18
249	24
250	20
251	20
252	20
253	20
254	18
255	16
256	14
257	18
258	22
259	16
260	22
261	16
262	20
263	20
264	18
265	18
266	20
267	20
268	16
269	18
270	16
271	18
272	20
273	24
274	20
275	18
276	16
277	16
278	14
279	20
280	22
281	18
282	18
283	16
284	20
285	22
286	20
287	16
288	16
289	22
290	22
291	18
292	18
293	16
294	18
295	18
296	18
297	20
298	22
299	20
300	16
301	16
302	16
303	24
304	22
305	22
306	20
307	18
308	18
309	18
310	16
311	16
312	16
313	22
314	20
315	18
316	26
317	20
318	20
319	24
320	18
321	20
322	20
323	20
324	16
325	20
326	18
327	18
328	14
329	20
330	20
331	14
332	20
333	24
334	22
335	18
336	18
337	18
338	16
339	20
340	16
341	22
342	20
343	18
344	18
345	18
346	18
347	20
348	20
349	20
350	18
351	24
352	20
353	18
354	20
355	20
356	20
357	16
358	22
359	18
360	14
361	22
362	14
363	20
364	20
365	20
366	16
367	26
368	20
369	18
370	20
371	22
372	22
373	16
374	18
375	18
376	22
377	18
378	18
379	16
380	18
381	22
382	24
383	22
384	20
385	20
386	22
387	22
388	24
389	24
390	24
391	20
392	22
393	26
394	20
395	20
396	20
397	24
398	16
399	18
400	24
401	18
402	18
403	18
404	22
405	22
406	20
407	18
408	20
409	18
410	24
411	20
412	20
413	18
414	26
415	18
416	18
417	22
418	18
419	20
420	16
421	18
422	22
423	22
424	22
425	18
426	24
427	20
428	24
429	22
430	18
431	24
432	18
433	26
434	20
435	18
436	16
437	22
438	20
439	20
440	20
441	22
442	20
443	20
444	20
445	18
446	20
447	18
448	20
449	22
450	16
451	18
452	22
453	20
454	18
455	22
456	18
457	22
458	22
459	20
460	24
461	18
462	20
463	22
464	20
465	22
466	20
467	24
468	18
469	20
470	20
471	20
472	20
473	20
474	18
475	22
476	18
477	20
478	20
479	20
480	20
481	20
482	22
483	24
484	20
485	20
486	24
487	24
488	20
489	16
490	22
491	18
492	18
493	20
494	20
495	20
496	22
497	20
498	18
499	16
500	24
501	20
502	22
503	24
504	18
505	22
506	26
507	22
508	22
509	22
510	20
511	20
512	20
513	20
514	22
515	18
516	18
517	22
518	20
519	20
520	22
521	22
522	20
523	22
524	18
525	20
526	22
527	24
528	20
529	24
530	22
531	22
532	22
533	18
534	22
535	18
536	20
537	18
538	20
539	20
540	28
541	22
542	20
543	24
544	20
545	18
546	30
547	20
548	22
549	22
550	24
551	24
552	22
553	28
554	22
555	20
556	20
557	16
558	22
559	20
560	26
561	22
562	20
563	26
564	22
565	22
566	22
567	20
568	24
569	22
570	24
571	22
572	20
573	22
574	20
575	22
576	20
577	20
578	20
579	20
580	20
581	20
582	24
583	18
584	20
585	20
586	26
587	22
588	24
589	22
590	26
591	20
592	30
593	20
594	20
595	26
596	18
597	18
598	20
599	24
600	22
601	22
602	24
603	28
604	20
605	20
606	22
607	20
608	20
609	26
610	18
611	20
612	22
613	22
614	20
615	22
616	20
617	22
618	18
619	24
620	24
621	18
622	18
623	22
624	22
625	28
626	22
627	20
628	22
629	18
630	22
631	20
632	28
633	20
634	20
635	22
636	22
637	20
638	22
639	24
640	22
641	26
642	20
643	16
644	22
645	26
646	24
647	20
648	22
649	20
650	20
651	24
652	22
653	22
654	22
655	22
656	24
657	20
658	24
659	22
660	22
661	22
662	22
663	22
664	24
665	24
666	26
667	26
668	26
669	22
670	18
671	26
672	24
673	22
674	24
675	24
676	18
677	28
678	22
679	22
680	24
681	24
682	26
683	22
684	28
685	24
686	24
687	24
688	24
689	20
690	24
691	22
692	26
693	22
694	22
695	24
696	26
697	24
698	30
699	20
700	22
701	30
702	26
703	26
704	22
705	22
706	24
707	22
708	28
709	20
710	20
711	20
712	22
713	24
714	34
715	22
716	22
717	20
718	26
719	22
720	20
721	22
722	26
723	22
724	20
725	24
726	22
727	26
728	22
729	24
730	22
731	22
732	22
733	22
734	24
735	20
736	22
737	22
738	26
739	22
740	20
741	22
742	24
743	22
744	26
745	24
746	22
747	22
748	26
749	28
750	20
751	22
752	24
753	24
754	22
755	26
756	22
757	28
758	30
759	22
760	20
761	24
762	28
763	20
764	24
765	24
766	22
767	26
768	20
769	22
770	26
771	24
772	22
773	20
774	22
775	26
776	18
777	22
778	26
779	24
780	22
781	24
782	24
783	22
784	22
785	22
786	26
787	22
788	26
789	24
790	22
791	20
792	20
793	22
794	24
795	26
796	22
797	20
798	22
799	22
800	24
801	22
802	20
803	24
804	26
805	22
806	18
807	24
808	24
809	28
810	26
811	22
812	22
813	28
814	24
815	18
816	26
817	22
818	22
819	22
820	32
821	24
822	20
823	24
824	20
825	24
826	24
827	20
828	22
829	24
830	22
831	24
832	22
833	22
834	26
835	22
836	24
837	26
838	26
839	22
840	22
841	24
842	26
843	22
844	22
845	24
846	24
847	22
848	26
849	24
850	26
851	22
852	28
853	24
854	26
855	28
856	24
857	20
858	24
859	22
860	22
861	20
862	22
863	26
864	30
865	34
866	24
867	20
868	26
869	22
870	26
871	22
872	26
873	24
874	28
875	24
876	24
877	24
878	22
879	20
880	24
881	26
882	22
883	22
884	28
885	26
886	22
887	26
888	28
889	26
890	28
891	22
892	26
893	28
894	26
895	22
896	24
897	24
898	22
899	22
900	22
901	24
902	22
903	24
904	24
905	20
906	22
907	32
908	28
909	24
910	22
911	28
912	26
913	28
914	26
915	24
916	20
917	26
918	20
919	26
920	22
921	22
922	26
923	28
924	22
925	24
926	20
927	26
928	24
929	30
930	20
931	24
932	24
933	26
934	22
935	28
936	24
937	26
938	26
939	24
940	20
941	24
942	26
943	22
944	22
945	26
946	24
947	24
948	24
949	24
950	30
951	28
952	24
953	26
954	28
955	22
956	26
957	30
958	24
959	28
960	26
961	24
962	20
963	22
964	24
965	32
966	24
967	30
968	28
969	38
970	26
971	30
972	22
973	28
974	24
975	26
976	28
977	26
978	20
979	30
980	24
981	24
982	24
983	24
984	24
985	28
986	22
987	22
988	24
989	26
990	22
991	22
992	22
993	22
994	28
995	26
996	24
997	22
998	20
999	26
1000	24
