1	1
2	2
3	2
4	2
5	2
6	4
7	6
8	6
9	6
10	6
11	6
12	8
13	6
14	8
15	8
16	8
17	10
18	8
19	8
20	10
21	10
22	12
23	10
24	14
25	16
26	10
27	10
28	10
29	10
30	14
31	14
32	12
33	18
34	16
35	16
36	14
37	12
38	14
39	16
40	18
41	18
42	14
43	18
44	16
45	16
46	20
47	18
48	18
49	20
50	20
51	20
52	20
53	22
54	26
55	22
56	28
57	22
58	20
59	28
60	24
61	20
62	24
63	28
64	28
65	16
66	30
67	24
68	26
69	24
70	22
71	26
72	28
73	28
74	28
75	30
76	34
77	26
78	28
79	40
80	30
81	36
82	26
83	24
84	30
85	40
86	34
87	28
88	34
89	34
90	26
91	24
92	32
93	26
94	34
95	30
96	34
97	36
98	38
99	38
100	42
101	36
102	36
103	38
104	42
105	30
106	38
107	42
108	42
109	36
110	38
111	44
112	48
113	38
114	36
115	32
116	44
117	36
118	52
119	44
120	48
121	42
122	36
123	44
124	42
125	40
126	50
127	42
128	58
129	48
130	34
131	54
132	38
133	64
134	48
135	30
136	44
137	42
138	42
139	44
140	48
141	42
142	44
143	52
144	52
145	42
146	46
147	54
148	46
149	34
150	56
151	52
152	66
153	50
154	56
155	42
156	76
157	62
158	60
159	48
160	42
161	56
162	58
163	46
164	52
165	66
166	50
167	56
168	64
169	50
170	62
171	62
172	54
173	52
174	48
175	58
176	48
177	54
178	70
179	48
180	50
181	50
182	66
183	56
184	60
185	52
186	42
187	54
188	76
189	56
190	66
191	48
192	62
193	40
194	52
195	48
196	56
197	62
198	78
199	62
200	58
201	68
202	64
203	64
204	74
205	66
206	62
207	74
208	68
209	80
210	72
211	68
212	62
213	70
214	66
215	70
216	64
217	78
218	48
219	64
220	60
221	70
222	54
223	94
224	60
225	78
226	62
227	72
228	68
229	80
230	56
231	62
232	74
233	76
234	80
235	56
236	86
237	46
238	70
239	56
240	82
241	92
242	68
243	86
244	96
245	80
246	70
247	60
248	64
249	50
250	68
251	80
252	86
253	80
254	68
255	92
256	78
257	88
258	72
259	94
260	56
261	70
262	88
263	92
264	82
265	78
266	78
267	82
268	84
269	86
270	78
271	86
272	70
273	86
274	100
275	98
276	96
277	82
278	78
279	86
280	80
281	78
282	76
283	78
284	74
285	84
286	82
287	90
288	90
289	66
290	88
291	104
292	70
293	106
294	90
295	106
296	104
297	94
298	88
299	102
300	78
301	86
302	92
303	92
304	92
305	66
306	92
307	98
308	100
309	88
310	106
311	90
312	94
313	92
314	72
315	114
316	106
317	92
318	100
319	80
320	98
321	98
322	98
323	86
324	114
325	106
326	98
327	112
328	118
329	80
330	74
331	116
332	94
333	76
334	88
335	96
336	102
337	118
338	110
339	86
340	82
341	110
342	102
343	96
344	112
345	94
346	98
347	96
348	102
349	114
350	98
351	78
352	74
353	110
354	114
355	104
356	96
357	106
358	94
359	134
360	98
361	100
362	126
363	114
364	96
365	94
366	110
367	106
368	114
369	114
370	116
371	86
372	92
373	130
374	108
375	116
376	104
377	100
378	114
379	114
380	114
381	124
382	80
383	92
384	104
385	130
386	100
387	104
388	94
389	112
390	96
391	96
392	128
393	108
394	112
395	128
396	136
397	112
398	120
399	124
400	96
401	100
402	94
403	130
404	104
405	112
406	104
407	102
408	108
409	126
410	78
411	94
412	104
413	108
414	104
415	114
416	128
417	122
418	122
419	122
420	124
421	144
422	118
423	130
424	112
425	120
426	104
427	122
428	124
429	94
430	124
431	116
432	128
433	100
434	122
435	136
436	140
437	134
438	100
439	122
440	156
441	120
442	144
443	124
444	144
445	128
446	112
447	136
448	128
449	116
450	132
451	152
452	124
453	128
454	152
455	128
456	160
457	100
458	114
459	112
460	124
461	142
462	144
463	116
464	138
465	140
466	132
467	134
468	140
469	134
470	126
471	162
472	136
473	120
474	138
475	124
476	140
477	134
478	162
479	106
480	146
481	116
482	126
483	146
484	158
485	142
486	108
487	114
488	156
489	122
490	134
491	160
492	170
493	136
494	114
495	138
496	170
497	128
498	120
499	146
500	134
501	152
502	136
503	144
504	140
505	130
506	150
507	128
508	132
509	144
510	142
511	158
512	136
513	128
514	144
515	148
516	152
517	150
518	152
519	152
520	116
521	128
522	164
523	150
524	168
525	146
526	132
527	142
528	156
529	144
530	140
531	152
532	164
533	158
534	124
535	138
536	148
537	148
538	158
539	152
540	146
541	130
542	146
543	158
544	162
545	118
546	138
547	166
548	144
549	136
550	176
551	138
552	162
553	138
554	156
555	158
556	162
557	150
558	130
559	154
560	128
561	140
562	162
563	140
564	152
565	194
566	160
567	172
568	164
569	176
570	144
571	138
572	162
573	182
574	180
575	146
576	184
577	144
578	162
579	164
580	154
581	166
582	128
583	174
584	158
585	142
586	130
587	178
588	134
589	190
590	128
591	160
592	110
593	180
594	186
595	162
596	160
597	170
598	154
599	140
600	182
601	142
602	152
603	172
604	188
605	166
606	162
607	170
608	136
609	154
610	164
611	186
612	188
613	160
614	194
615	190
616	174
617	150
618	184
619	170
620	148
621	174
622	138
623	166
624	164
625	142
626	132
627	160
628	184
629	188
630	160
631	164
632	150
633	184
634	168
635	176
636	190
637	196
638	212
639	158
640	164
641	178
642	196
643	194
644	190
645	136
646	166
647	184
648	204
649	178
650	154
651	202
652	144
653	180
654	214
655	166
656	186
657	180
658	186
659	166
660	208
661	180
662	188
663	176
664	184
665	188
666	174
667	202
668	160
669	144
670	208
671	174
672	182
673	166
674	160
675	196
676	200
677	188
678	186
679	192
680	182
681	172
682	180
683	216
684	176
685	150
686	126
687	156
688	156
689	206
690	172
691	168
692	194
693	190
694	202
695	204
696	172
697	170
698	158
699	210
700	194
701	144
702	170
703	174
704	224
705	196
706	218
707	184
708	156
709	208
710	188
711	184
712	188
713	140
714	178
715	180
716	166
717	162
718	164
719	172
720	188
721	172
722	172
723	172
724	176
725	200
726	214
727	190
728	204
729	170
730	200
731	208
732	202
733	208
734	190
735	198
736	174
737	216
738	206
739	194
740	190
741	156
742	186
743	192
744	190
745	194
746	202
747	212
748	192
749	150
750	176
751	210
752	186
753	196
754	220
755	184
756	210
757	174
758	152
759	160
760	198
761	210
762	206
763	232
764	214
765	172
766	182
767	200
768	202
769	138
770	244
771	212
772	220
773	242
774	216
775	222
776	220
777	228
778	188
779	180
780	192
781	224
782	162
783	204
784	204
785	208
786	214
787	204
788	196
789	222
790	200
791	234
792	198
793	176
794	246
795	164
796	182
797	206
798	218
799	226
800	202
801	238
802	218
803	252
804	206
805	258
806	218
807	242
808	194
809	174
810	198
811	204
812	212
813	202
814	230
815	238
816	176
817	194
818	230
819	238
820	178
821	224
822	196
823	208
824	218
825	238
826	200
827	194
828	198
829	206
830	218
831	212
832	222
833	246
834	192
835	212
836	232
837	196
838	200
839	232
840	244
841	188
842	224
843	214
844	212
845	242
846	202
847	216
848	190
849	192
850	224
851	232
852	186
853	264
854	182
855	238
856	228
857	224
858	228
859	214
860	198
861	234
862	228
863	222
864	192
865	152
866	220
867	246
868	196
869	246
870	190
871	238
872	268
873	230
874	162
875	242
876	220
877	200
878	220
879	240
880	196
881	220
882	244
883	214
884	202
885	186
886	248
887	208
888	218
889	210
890	192
891	252
892	194
893	180
894	222
895	252
896	282
897	218
898	242
899	264
900	264
901	264
902	266
903	196
904	212
905	248
906	196
907	200
908	172
909	246
910	230
911	242
912	224
913	212
914	222
915	228
916	262
917	240
918	230
919	240
920	244
921	224
922	242
923	226
924	244
925	228
926	242
927	222
928	244
929	220
930	228
931	198
932	242
933	238
934	298
935	244
936	268
937	190
938	222
939	256
940	268
941	250
942	230
943	258
944	216
945	228
946	232
947	230
948	236
949	302
950	222
951	208
952	274
953	244
954	232
955	278
956	240
957	232
958	240
959	204
960	236
961	264
962	264
963	256
964	276
965	182
966	208
967	206
968	232
969	208
970	178
971	222
972	290
973	252
974	242
975	202
976	244
977	258
978	292
979	214
980	282
981	290
982	242
983	250
984	280
985	206
986	244
987	218
988	274
989	228
990	310
991	242
992	248
993	230
994	244
995	252
996	258
997	274
998	276
999	250
1000	254
