1	0
2	3
3	9
4	18
5	30
6	45
7	63
8	84
9	108
10	135
11	165
12	198
13	234
14	273
15	315
16	360
17	408
18	459
19	513
20	570
21	630
22	693
23	759
24	828
25	900
26	975
27	1053
28	1134
29	1218
30	1305
31	1395
32	1488
33	1584
34	1683
35	1785
36	1890
37	1998
38	2109
39	2223
40	2340
41	2460
42	2583
43	2709
44	2838
45	2970
46	3105
47	3243
48	3384
49	3528
50	3675
51	3825
52	3978
53	4134
54	4293
55	4455
56	4620
57	4788
58	4959
59	5133
60	5310
61	5490
62	5673
63	5859
64	6048
65	6240
66	6435
67	6633
68	6834
69	7038
70	7245
71	7455
72	7668
73	7884
74	8103
75	8325
76	8550
77	8778
78	9009
79	9243
80	9480
81	9720
82	9963
83	10209
84	10458
85	10710
86	10965
87	11223
88	11484
89	11748
90	12015
91	12285
92	12558
93	12834
94	13113
95	13395
96	13680
97	13968
98	14259
99	14553
100	14850
101	15150
102	15453
103	15759
104	16068
105	16380
106	16695
107	17013
108	17334
109	17658
110	17985
111	18315
112	18648
113	18984
114	19323
115	19665
116	20010
117	20358
118	20709
119	21063
120	21420
121	21780
122	22143
123	22509
124	22878
125	23250
126	23625
127	24003
128	24384
129	24768
130	25155
131	25545
132	25938
133	26334
134	26733
135	27135
136	27540
137	27948
138	28359
139	28773
140	29190
141	29610
142	30033
143	30459
144	30888
145	31320
146	31755
147	32193
148	32634
149	33078
150	33525
151	33975
152	34428
153	34884
154	35343
155	35805
156	36270
157	36738
158	37209
159	37683
160	38160
161	38640
162	39123
163	39609
164	40098
165	40590
166	41085
167	41583
168	42084
169	42588
170	43095
171	43605
172	44118
173	44634
174	45153
175	45675
176	46200
177	46728
178	47259
179	47793
180	48330
181	48870
182	49413
183	49959
184	50508
185	51060
186	51615
187	52173
188	52734
189	53298
190	53865
191	54435
192	55008
193	55584
194	56163
195	56745
196	57330
197	57918
198	58509
199	59103
200	59700
201	60300
202	60903
203	61509
204	62118
205	62730
206	63345
207	63963
208	64584
209	65208
210	65835
211	66465
212	67098
213	67734
214	68373
215	69015
216	69660
217	70308
218	70959
219	71613
220	72270
221	72930
222	73593
223	74259
224	74928
225	75600
226	76275
227	76953
228	77634
229	78318
230	79005
231	79695
232	80388
233	81084
234	81783
235	82485
236	83190
237	83898
238	84609
239	85323
240	86040
241	86760
242	87483
243	88209
244	88938
245	89670
246	90405
247	91143
248	91884
249	92628
250	93375
251	94125
252	94878
253	95634
254	96393
255	97155
256	97920
257	98688
258	99459
259	100233
260	101010
261	101790
262	102573
263	103359
264	104148
265	104940
266	105735
267	106533
268	107334
269	108138
270	108945
271	109755
272	110568
273	111384
274	112203
275	113025
276	113850
277	114678
278	115509
279	116343
280	117180
281	118020
282	118863
283	119709
284	120558
285	121410
286	122265
287	123123
288	123984
289	124848
290	125715
291	126585
292	127458
293	128334
294	129213
295	130095
296	130980
297	131868
298	132759
299	133653
300	134550
301	135450
302	136353
303	137259
304	138168
305	139080
306	139995
307	140913
308	141834
309	142758
310	143685
311	144615
312	145548
313	146484
314	147423
315	148365
316	149310
317	150258
318	151209
319	152163
320	153120
321	154080
322	155043
323	156009
324	156978
325	157950
326	158925
327	159903
328	160884
329	161868
330	162855
331	163845
332	164838
333	165834
334	166833
335	167835
336	168840
337	169848
338	170859
339	171873
340	172890
341	173910
342	174933
343	175959
344	176988
345	178020
346	179055
347	180093
348	181134
349	182178
350	183225
351	184275
352	185328
353	186384
354	187443
355	188505
356	189570
357	190638
358	191709
359	192783
360	193860
361	194940
362	196023
363	197109
364	198198
365	199290
366	200385
367	201483
368	202584
369	203688
370	204795
371	205905
372	207018
373	208134
374	209253
375	210375
376	211500
377	212628
378	213759
379	214893
380	216030
381	217170
382	218313
383	219459
384	220608
385	221760
386	222915
387	224073
388	225234
389	226398
390	227565
391	228735
392	229908
393	231084
394	232263
395	233445
396	234630
397	235818
398	237009
399	238203
400	239400
401	240600
402	241803
403	243009
404	244218
405	245430
406	246645
407	247863
408	249084
409	250308
410	251535
411	252765
412	253998
413	255234
414	256473
415	257715
416	258960
417	260208
418	261459
419	262713
420	263970
421	265230
422	266493
423	267759
424	269028
425	270300
426	271575
427	272853
428	274134
429	275418
430	276705
431	277995
432	279288
433	280584
434	281883
435	283185
436	284490
437	285798
438	287109
439	288423
440	289740
441	291060
442	292383
443	293709
444	295038
445	296370
446	297705
447	299043
448	300384
449	301728
450	303075
451	304425
452	305778
453	307134
454	308493
455	309855
456	311220
457	312588
458	313959
459	315333
460	316710
461	318090
462	319473
463	320859
464	322248
465	323640
466	325035
467	326433
468	327834
469	329238
470	330645
471	332055
472	333468
473	334884
474	336303
475	337725
476	339150
477	340578
478	342009
479	343443
480	344880
481	346320
482	347763
483	349209
484	350658
485	352110
486	353565
487	355023
488	356484
489	357948
490	359415
491	360885
492	362358
493	363834
494	365313
495	366795
496	368280
497	369768
498	371259
499	372753
500	374250
501	375750
502	377253
503	378759
504	380268
505	381780
506	383295
507	384813
508	386334
509	387858
510	389385
511	390915
512	392448
513	393984
514	395523
515	397065
516	398610
517	400158
518	401709
519	403263
520	404820
521	406380
522	407943
523	409509
524	411078
525	412650
526	414225
527	415803
528	417384
529	418968
530	420555
531	422145
532	423738
533	425334
534	426933
535	428535
536	430140
537	431748
538	433359
539	434973
540	436590
541	438210
542	439833
543	441459
544	443088
545	444720
546	446355
547	447993
548	449634
549	451278
550	452925
551	454575
552	456228
553	457884
554	459543
555	461205
556	462870
557	464538
558	466209
559	467883
560	469560
561	471240
562	472923
563	474609
564	476298
565	477990
566	479685
567	481383
568	483084
569	484788
570	486495
571	488205
572	489918
573	491634
574	493353
575	495075
576	496800
577	498528
578	500259
579	501993
580	503730
581	505470
582	507213
583	508959
584	510708
585	512460
586	514215
587	515973
588	517734
589	519498
590	521265
591	523035
592	524808
593	526584
594	528363
595	530145
596	531930
597	533718
598	535509
599	537303
600	539100
601	540900
602	542703
603	544509
604	546318
605	548130
606	549945
607	551763
608	553584
609	555408
610	557235
611	559065
612	560898
613	562734
614	564573
615	566415
616	568260
617	570108
618	571959
619	573813
620	575670
621	577530
622	579393
623	581259
624	583128
625	585000
626	586875
627	588753
628	590634
629	592518
630	594405
631	596295
632	598188
633	600084
634	601983
635	603885
636	605790
637	607698
638	609609
639	611523
640	613440
641	615360
642	617283
643	619209
644	621138
645	623070
646	625005
647	626943
648	628884
649	630828
650	632775
651	634725
652	636678
653	638634
654	640593
655	642555
656	644520
657	646488
658	648459
659	650433
660	652410
661	654390
662	656373
663	658359
664	660348
665	662340
666	664335
667	666333
668	668334
669	670338
670	672345
671	674355
672	676368
673	678384
674	680403
675	682425
676	684450
677	686478
678	688509
679	690543
680	692580
681	694620
682	696663
683	698709
684	700758
685	702810
686	704865
687	706923
688	708984
689	711048
690	713115
691	715185
692	717258
693	719334
694	721413
695	723495
696	725580
697	727668
698	729759
699	731853
700	733950
701	736050
702	738153
703	740259
704	742368
705	744480
706	746595
707	748713
708	750834
709	752958
710	755085
711	757215
712	759348
713	761484
714	763623
715	765765
716	767910
717	770058
718	772209
719	774363
720	776520
721	778680
722	780843
723	783009
724	785178
725	787350
726	789525
727	791703
728	793884
729	796068
730	798255
731	800445
732	802638
733	804834
734	807033
735	809235
736	811440
737	813648
738	815859
739	818073
740	820290
741	822510
742	824733
743	826959
744	829188
745	831420
746	833655
747	835893
748	838134
749	840378
750	842625
751	844875
752	847128
753	849384
754	851643
755	853905
756	856170
757	858438
758	860709
759	862983
760	865260
761	867540
762	869823
763	872109
764	874398
765	876690
766	878985
767	881283
768	883584
769	885888
770	888195
771	890505
772	892818
773	895134
774	897453
775	899775
776	902100
777	904428
778	906759
779	909093
780	911430
781	913770
782	916113
783	918459
784	920808
785	923160
786	925515
787	927873
788	930234
789	932598
790	934965
791	937335
792	939708
793	942084
794	944463
795	946845
796	949230
797	951618
798	954009
799	956403
800	958800
801	961200
802	963603
803	966009
804	968418
805	970830
806	973245
807	975663
808	978084
809	980508
810	982935
811	985365
812	987798
813	990234
814	992673
815	995115
816	997560
817	1000008
818	1002459
819	1004913
820	1007370
821	1009830
822	1012293
823	1014759
824	1017228
825	1019700
826	1022175
827	1024653
828	1027134
829	1029618
830	1032105
831	1034595
832	1037088
833	1039584
834	1042083
835	1044585
836	1047090
837	1049598
838	1052109
839	1054623
840	1057140
841	1059660
842	1062183
843	1064709
844	1067238
845	1069770
846	1072305
847	1074843
848	1077384
849	1079928
850	1082475
851	1085025
852	1087578
853	1090134
854	1092693
855	1095255
856	1097820
857	1100388
858	1102959
859	1105533
860	1108110
861	1110690
862	1113273
863	1115859
864	1118448
865	1121040
866	1123635
867	1126233
868	1128834
869	1131438
870	1134045
871	1136655
872	1139268
873	1141884
874	1144503
875	1147125
876	1149750
877	1152378
878	1155009
879	1157643
880	1160280
881	1162920
882	1165563
883	1168209
884	1170858
885	1173510
886	1176165
887	1178823
888	1181484
889	1184148
890	1186815
891	1189485
892	1192158
893	1194834
894	1197513
895	1200195
896	1202880
897	1205568
898	1208259
899	1210953
900	1213650
901	1216350
902	1219053
903	1221759
904	1224468
905	1227180
906	1229895
907	1232613
908	1235334
909	1238058
910	1240785
911	1243515
912	1246248
913	1248984
914	1251723
915	1254465
916	1257210
917	1259958
918	1262709
919	1265463
920	1268220
921	1270980
922	1273743
923	1276509
924	1279278
925	1282050
926	1284825
927	1287603
928	1290384
929	1293168
930	1295955
931	1298745
932	1301538
933	1304334
934	1307133
935	1309935
936	1312740
937	1315548
938	1318359
939	1321173
940	1323990
941	1326810
942	1329633
943	1332459
944	1335288
945	1338120
946	1340955
947	1343793
948	1346634
949	1349478
950	1352325
951	1355175
952	1358028
953	1360884
954	1363743
955	1366605
956	1369470
957	1372338
958	1375209
959	1378083
960	1380960
961	1383840
962	1386723
963	1389609
964	1392498
965	1395390
966	1398285
967	1401183
968	1404084
969	1406988
970	1409895
971	1412805
972	1415718
973	1418634
974	1421553
975	1424475
976	1427400
977	1430328
978	1433259
979	1436193
980	1439130
981	1442070
982	1445013
983	1447959
984	1450908
985	1453860
986	1456815
987	1459773
988	1462734
989	1465698
990	1468665
991	1471635
992	1474608
993	1477584
994	1480563
995	1483545
996	1486530
997	1489518
998	1492509
999	1495503
1000	1498500
