1	0
2	2
3	4
4	8
5	12
6	19
7	22
8	30
9	34
10	44
11	51
12	61
13	67
14	78
15	84
16	97
17	102
18	116
19	122
20	139
21	145
22	160
23	168
24	187
25	190
26	206
27	213
28	230
29	240
30	261
31	267
32	282
33	293
34	315
35	320
36	338
37	348
38	373
39	379
40	398
41	410
42	437
43	439
44	462
45	468
46	493
47	503
48	532
49	533
50	555
51	560
52	586
53	593
54	627
55	625
56	652
57	658
58	687
59	697
60	734
61	732
62	759
63	761
64	792
65	795
66	829
67	836
68	874
69	871
70	901
71	902
72	936
73	938
74	975
75	981
76	1022
77	1020
78	1055
79	1053
80	1092
81	1092
82	1130
83	1131
84	1171
85	1176
86	1216
87	1219
88	1247
89	1254
90	1286
91	1295
92	1331
93	1344
94	1380
95	1385
96	1411
97	1425
98	1462
99	1466
100	1495
101	1499
102	1536
103	1540
104	1579
105	1587
106	1630
107	1630
108	1671
109	1672
110	1716
111	1715
112	1751
113	1754
114	1798
115	1799
116	1843
117	1852
118	1896
119	1901
120	1935
121	1946
122	1988
123	1989
124	2027
125	2024
126	2066
127	2067
128	2115
129	2111
130	2156
131	2158
132	2207
133	2213
134	2262
135	2260
136	2299
137	2305
138	2350
139	2350
140	2391
141	2387
142	2436
143	2432
144	2483
145	2478
146	2530
147	2527
148	2579
149	2584
150	2636
151	2633
152	2679
153	2682
154	2736
155	2733
156	2779
157	2772
158	2822
159	2819
160	2879
161	2868
162	2922
163	2916
164	2977
165	2965
166	3018
167	3016
168	3077
169	3075
170	3132
171	3122
172	3173
173	3175
174	3232
175	3224
176	3273
177	3265
178	3326
179	3314
180	3377
181	3365
182	3430
183	3420
184	3481
185	3483
186	3548
187	3534
188	3585
189	3585
190	3644
191	3638
192	3697
193	3688
194	3746
195	3737
196	3789
197	3788
198	3858
199	3839
200	3893
201	3878
202	3944
203	3929
204	3997
205	3980
206	4048
207	4033
208	4101
209	4094
210	4162
211	4147
212	4209
213	4200
214	4270
215	4259
216	4329
217	4311
218	4376
219	4358
220	4421
221	4411
222	4484
223	4464
224	4529
225	4509
226	4582
227	4566
228	4641
229	4621
230	4694
231	4676
232	4753
233	4743
234	4824
235	4798
236	4865
237	4857
238	4928
239	4918
240	4997
241	4973
242	5040
243	5024
244	5094
245	5083
246	5161
247	5138
248	5202
249	5191
250	5249
251	5242
252	5318
253	5297
254	5361
255	5344
256	5412
257	5400
258	5475
259	5467
260	5546
261	5526
262	5595
263	5589
264	5662
265	5650
266	5735
267	5713
268	5786
269	5768
270	5845
271	5829
272	5918
273	5886
274	5961
275	5937
276	6014
277	5994
278	6085
279	6055
280	6138
281	6100
282	6183
283	6157
284	6242
285	6218
286	6307
287	6277
288	6358
289	6335
290	6425
291	6394
292	6478
293	6451
294	6541
295	6512
296	6614
297	6585
298	6679
299	6646
300	6730
301	6707
302	6795
303	6774
304	6874
305	6835
306	6919
307	6892
308	6982
309	6959
310	7049
311	7018
312	7106
313	7075
314	7149
315	7130
316	7218
317	7193
318	7277
319	7248
320	7324
321	7309
322	7401
323	7378
324	7466
325	7438
326	7523
327	7491
328	7568
329	7552
330	7647
331	7619
332	7710
333	7678
334	7763
335	7749
336	7846
337	7814
338	7911
339	7877
340	7970
341	7932
342	8029
343	7997
344	8110
345	8062
346	8153
347	8121
348	8222
349	8182
350	8285
351	8243
352	8342
353	8296
354	8403
355	8361
356	8454
357	8426
358	8535
359	8489
360	8582
361	8552
362	8663
363	8617
364	8710
365	8680
366	8791
367	8743
368	8858
369	8818
370	8929
371	8889
372	8998
373	8952
374	9049
375	9013
376	9126
377	9080
378	9193
379	9139
380	9238
381	9204
382	9311
383	9273
384	9386
385	9335
386	9437
387	9392
388	9490
389	9453
390	9575
391	9520
392	9634
393	9579
394	9683
395	9648
396	9762
397	9711
398	9819
399	9766
400	9878
401	9817
402	9937
403	9880
404	9986
405	9947
406	10065
407	10012
408	10122
409	10075
410	10193
411	10138
412	10238
413	10203
414	10325
415	10268
416	10382
417	10341
418	10463
419	10406
420	10518
421	10471
422	10587
423	10542
424	10662
425	10607
426	10727
427	10668
428	10786
429	10739
430	10857
431	10814
432	10938
433	10878
434	10987
435	10933
436	11046
437	10992
438	11121
439	11061
440	11186
441	11126
442	11241
443	11189
444	11306
445	11254
446	11381
447	11319
448	11434
449	11376
450	11507
451	11441
452	11554
453	11510
454	11639
455	11581
456	11710
457	11648
458	11775
459	11713
460	11826
461	11780
462	11919
463	11851
464	11982
465	11930
466	12065
467	12005
468	12130
469	12072
470	12193
471	12137
472	12266
473	12212
474	12357
475	12275
476	12394
477	12344
478	12475
479	12429
480	12574
481	12496
482	12611
483	12547
484	12666
485	12614
486	12769
487	12680
488	12800
489	12747
490	12879
491	12830
492	12980
493	12897
494	13015
495	12946
496	13068
497	13015
498	13169
499	13086
500	13212
501	13145
502	13277
503	13214
504	13348
505	13281
506	13421
507	13344
508	13472
509	13403
510	13555
511	13466
512	13588
513	13534
514	13693
515	13609
516	13748
517	13688
518	13839
519	13763
520	13904
521	13834
522	13971
523	13907
524	14048
525	13986
526	14143
527	14053
528	14184
529	14122
530	14269
531	14211
532	14376
533	14286
534	14413
535	14345
536	14484
537	14416
538	14583
539	14487
540	14616
541	14560
542	14709
543	14649
544	14800
545	14718
546	14849
547	14769
548	14896
549	14836
550	15007
551	14913
552	15044
553	14978
554	15127
555	15049
556	15192
557	15118
558	15267
559	15191
560	15340
561	15248
562	15397
563	15305
564	15440
565	15378
566	15545
567	15449
568	15600
569	15518
570	15669
571	15595
572	15748
573	15666
574	15821
575	15729
576	15884
577	15799
578	15963
579	15878
580	16032
581	15949
582	16099
583	16014
584	16172
585	16087
586	16259
587	16162
588	16300
589	16231
590	16399
591	16316
592	16488
593	16401
594	16557
595	16470
596	16628
597	16547
598	16705
599	16622
600	16776
601	16699
602	16873
603	16764
604	16904
605	16843
606	17011
607	16938
608	17096
609	17011
610	17159
611	17064
612	17200
613	17133
614	17321
615	17208
616	17356
617	17283
618	17447
619	17366
620	17544
621	17433
622	17583
623	17498
624	17660
625	17571
626	17745
627	17638
628	17792
629	17705
630	17877
631	17774
632	17936
633	17845
634	18017
635	17924
636	18096
637	17991
638	18167
639	18050
640	18204
641	18123
642	18315
643	18212
644	18392
645	18293
646	18465
647	18362
648	18532
649	18434
650	18611
651	18511
652	18684
653	18576
654	18757
655	18633
656	18792
657	18706
658	18901
659	18797
660	18980
661	18876
662	19047
663	18943
664	19116
665	19018
666	19203
667	19095
668	19268
669	19178
670	19367
671	19261
672	19440
673	19334
674	19501
675	19415
676	19608
677	19498
678	19669
679	19565
680	19716
681	19636
682	19839
683	19707
684	19856
685	19784
686	19973
687	19881
688	20048
689	19958
690	20129
691	20009
692	20160
693	20076
694	20279
695	20169
696	20348
697	20238
698	20407
699	20301
700	20476
701	20374
702	20571
703	20451
704	20632
705	20512
706	20693
707	20585
708	20768
709	20666
710	20857
711	20729
712	20916
713	20802
714	20993
715	20895
716	21092
717	20970
718	21153
719	21029
720	21220
721	21104
722	21305
723	21197
724	21396
725	21274
726	21453
727	21333
728	21528
729	21412
730	21602
731	21483
732	21677
733	21574
734	21770
735	21651
736	21829
737	21708
738	21894
739	21783
740	21981
741	21878
742	22070
743	21953
744	22121
745	22014
746	22194
747	22091
748	22285
749	22182
750	22350
751	22251
752	22429
753	22340
754	22518
755	22421
756	22607
757	22494
758	22666
759	22583
760	22751
761	22662
762	22842
763	22755
764	22923
765	22804
766	22954
767	22899
768	23077
769	22975
770	23108
771	23034
772	23231
773	23139
774	23308
775	23200
776	23371
777	23275
778	23440
779	23344
780	23539
781	23425
782	23604
783	23498
784	23673
785	23563
786	23748
787	23648
788	23841
789	23715
790	23904
791	23796
792	23997
793	23889
794	24092
795	23968
796	24157
797	24031
798	24236
799	24114
800	24317
801	24211
802	24424
803	24288
804	24477
805	24351
806	24568
807	24438
808	24639
809	24515
810	24736
811	24608
812	24823
813	24683
814	24888
815	24754
816	24975
817	24831
818	25044
819	24916
820	25135
821	24997
822	25208
823	25056
824	25267
825	25135
826	25364
827	25236
828	25455
829	25311
830	25516
831	25382
832	25607
833	25473
834	25702
835	25560
836	25779
837	25639
838	25846
839	25720
840	25939
841	25803
842	26026
843	25874
844	26079
845	25963
846	26192
847	26056
848	26263
849	26135
850	26340
851	26190
852	26379
853	26277
854	26526
855	26366
856	26539
857	26439
858	26644
859	26528
860	26747
861	26617
862	26812
863	26692
864	26887
865	26770
866	26970
867	26853
868	27063
869	26922
870	27122
871	26991
872	27175
873	27076
874	27320
875	27149
876	27335
877	27220
878	27454
879	27323
880	27539
881	27402
882	27626
883	27467
884	27675
885	27540
886	27780
887	27631
888	27863
889	27706
890	27920
891	27783
892	28011
893	27866
894	28104
895	27941
896	28159
897	28008
898	28238
899	28095
900	28327
901	28178
902	28406
903	28239
904	28459
905	28322
906	28578
907	28421
908	28655
909	28498
910	28726
911	28583
912	28835
913	28664
914	28890
915	28743
916	28983
917	28830
918	29074
919	28895
920	29119
921	28976
922	29210
923	29059
924	29305
925	29158
926	29394
927	29231
928	29445
929	29292
930	29526
931	29379
932	29625
933	29474
934	29702
935	29545
936	29765
937	29610
938	29834
939	29699
940	29949
941	29794
942	30006
943	29859
944	30089
945	29956
946	30178
947	30041
948	30275
949	30130
950	30346
951	30227
952	30419
953	30302
954	30514
955	30403
956	30607
957	30476
958	30662
959	30579
960	30773
961	30660
962	30826
963	30721
964	30935
965	30812
966	31010
967	30875
968	31079
969	30964
970	31170
971	31035
972	31267
973	31115
974	31332
975	31206
976	31403
977	31279
978	31500
979	31378
980	31587
981	31449
982	31640
983	31554
984	31753
985	31635
986	31804
987	31694
988	31915
989	31783
990	31984
991	31844
992	32055
993	31935
994	32144
995	32004
996	32247
997	32077
998	32304
999	32154
1000	32377
