1	0
2	3
3	7
4	14
5	22
6	33
7	41
8	54
9	64
10	81
11	95
12	112
13	126
14	145
15	159
16	180
17	194
18	217
19	233
20	260
21	276
22	301
23	319
24	348
25	362
26	389
27	407
28	436
29	458
30	491
31	509
32	536
33	560
34	595
35	613
36	644
37	668
38	707
39	727
40	760
41	786
42	827
43	843
44	880
45	900
46	939
47	963
48	1006
49	1022
50	1059
51	1079
52	1120
53	1142
54	1191
55	1205
56	1248
57	1270
58	1315
59	1341
60	1394
61	1408
62	1451
63	1469
64	1516
65	1536
66	1587
67	1611
68	1666
69	1680
70	1727
71	1745
72	1796
73	1816
74	1871
75	1895
76	1954
77	1970
78	2023
79	2039
80	2096
81	2114
82	2171
83	2191
84	2250
85	2274
86	2333
87	2355
88	2402
89	2428
90	2479
91	2507
92	2562
93	2594
94	2649
95	2673
96	2718
97	2752
98	2809
99	2833
100	2882
101	2906
102	2963
103	2987
104	3046
105	3074
106	3137
107	3157
108	3218
109	3240
110	3305
111	3325
112	3382
113	3406
114	3471
115	3493
116	3558
117	3588
118	3653
119	3679
120	3734
121	3766
122	3829
123	3851
124	3910
125	3928
126	3991
127	4013
128	4082
129	4100
130	4167
131	4191
132	4262
133	4290
134	4361
135	4381
136	4442
137	4470
138	4537
139	4559
140	4622
141	4640
142	4711
143	4729
144	4802
145	4820
146	4895
147	4915
148	4990
149	5018
150	5093
151	5113
152	5182
153	5208
154	5285
155	5305
156	5374
157	5390
158	5463
159	5483
160	5566
161	5578
162	5655
163	5673
164	5758
165	5770
166	5847
167	5869
168	5954
169	5976
170	6057
171	6071
172	6146
173	6172
174	6253
175	6269
176	6342
177	6358
178	6443
179	6455
180	6542
181	6554
182	6643
183	6657
184	6742
185	6768
186	6857
187	6867
188	6942
189	6966
190	7049
191	7067
192	7150
193	7166
194	7249
195	7265
196	7342
197	7366
198	7461
199	7467
200	7546
201	7556
202	7647
203	7657
204	7750
205	7758
206	7851
207	7861
208	7954
209	7972
210	8065
211	8075
212	8162
213	8178
214	8273
215	8287
216	8382
217	8390
218	8481
219	8489
220	8578
221	8594
222	8693
223	8699
224	8790
225	8796
226	8895
227	8905
228	9006
229	9012
230	9111
231	9119
232	9222
233	9238
234	9345
235	9345
236	9438
237	9456
238	9553
239	9569
240	9674
241	9676
242	9769
243	9779
244	9876
245	9892
246	9997
247	10001
248	10092
249	10108
250	10193
251	10213
252	10316
253	10322
254	10413
255	10423
256	10518
257	10534
258	10637
259	10657
260	10764
261	10772
262	10869
263	10891
264	10992
265	11008
266	11121
267	11127
268	11228
269	11238
270	11343
271	11355
272	11472
273	11468
274	11571
275	11575
276	11680
277	11688
278	11807
279	11805
280	11916
281	11906
282	12017
283	12019
284	12132
285	12136
286	12253
287	12251
288	12360
289	12366
290	12485
291	12483
292	12596
293	12598
294	12717
295	12717
296	12848
297	12848
298	12971
299	12967
300	13080
301	13086
302	13203
303	13211
304	13340
305	13330
306	13443
307	13445
308	13564
309	13570
310	13689
311	13687
312	13804
313	13802
314	13905
315	13915
316	14032
317	14036
318	14149
319	14149
320	14254
321	14268
322	14389
323	14395
324	14512
325	14514
326	14629
327	14627
328	14734
329	14748
330	14873
331	14875
332	14996
333	14994
334	15109
335	15125
336	15252
337	15250
338	15377
339	15373
340	15496
341	15488
342	15615
343	15613
344	15756
345	15738
346	15859
347	15857
348	15988
349	15978
350	16111
351	16099
352	16228
353	16212
354	16349
355	16337
356	16460
357	16462
358	16601
359	16585
360	16708
361	16708
362	16849
363	16833
364	16956
365	16956
366	17097
367	17079
368	17224
369	17214
370	17355
371	17345
372	17484
373	17468
374	17595
375	17589
376	17732
377	17716
378	17859
379	17835
380	17964
381	17960
382	18097
383	18089
384	18232
385	18212
386	18345
387	18331
388	18460
389	18454
390	18607
391	18583
392	18728
393	18704
394	18839
395	18835
396	18980
397	18960
398	19099
399	19077
400	19220
401	19190
402	19341
403	19315
404	19452
405	19444
406	19593
407	19571
408	19712
409	19696
410	19845
411	19821
412	19952
413	19948
414	20101
415	20075
416	20220
417	20210
418	20363
419	20337
420	20480
421	20464
422	20611
423	20597
424	20748
425	20724
426	20875
427	20847
428	20996
429	20980
430	21129
431	21117
432	21272
433	21244
434	21385
435	21363
436	21508
437	21486
438	21647
439	21619
440	21776
441	21748
442	21895
443	21875
444	22024
445	22004
446	22163
447	22133
448	22280
449	22254
450	22417
451	22383
452	22528
453	22516
454	22677
455	22651
456	22812
457	22782
458	22941
459	22911
460	23056
461	23042
462	23213
463	23177
464	23340
465	23320
466	23487
467	23459
468	23616
469	23590
470	23743
471	23719
472	23880
473	23858
474	24035
475	23985
476	24136
477	24118
478	24281
479	24267
480	24444
481	24398
482	24545
483	24513
484	24664
485	24644
486	24831
487	24775
488	24928
489	24908
490	25073
491	25057
492	25240
493	25190
494	25341
495	25305
496	25460
497	25440
498	25627
499	25577
500	25736
501	25702
502	25867
503	25837
504	26004
505	25970
506	26143
507	26099
508	26260
509	26224
510	26409
511	26353
512	26508
513	26488
514	26681
515	26631
516	26804
517	26778
518	26963
519	26921
520	27096
521	27060
522	27231
523	27201
524	27376
525	27348
526	27539
527	27483
528	27648
529	27620
530	27801
531	27777
532	27976
533	27920
534	28081
535	28047
536	28220
537	28186
538	28387
539	28325
540	28488
541	28466
542	28649
543	28623
544	28808
545	28760
546	28925
547	28879
548	29040
549	29014
550	29219
551	29159
552	29324
553	29292
554	29475
555	29431
556	29608
557	29568
558	29751
559	29709
560	29892
561	29834
562	30017
563	29959
564	30128
565	30100
566	30301
567	30239
568	30424
569	30376
570	30561
571	30521
572	30708
573	30660
574	30849
575	30791
576	30980
577	30930
578	31129
579	31079
580	31268
581	31220
582	31405
583	31355
584	31548
585	31498
586	31705
587	31643
588	31816
589	31782
590	31985
591	31937
592	32144
593	32092
594	32283
595	32231
596	32424
597	32378
598	32571
599	32523
600	32712
601	32670
602	32879
603	32805
604	32980
605	32954
606	33157
607	33119
608	33312
609	33262
610	33445
611	33385
612	33556
613	33524
614	33747
615	33669
616	33852
617	33814
618	34013
619	33967
620	34180
621	34104
622	34289
623	34239
624	34436
625	34382
626	34591
627	34519
628	34708
629	34656
630	34863
631	34795
632	34992
633	34936
634	35143
635	35085
636	35292
637	35222
638	35433
639	35351
640	35540
641	35494
642	35721
643	35653
644	35868
645	35804
646	36011
647	35943
648	36148
649	36086
650	36299
651	36235
652	36444
653	36372
654	36589
655	36501
656	36696
657	36646
658	36877
659	36809
660	37028
661	36960
662	37167
663	37099
664	37308
665	37246
666	37467
667	37395
668	37604
669	37550
670	37775
671	37705
672	37920
673	37850
674	38053
675	38003
676	38232
677	38158
678	38365
679	38297
680	38484
681	38440
682	38679
683	38583
684	38768
685	38732
686	38957
687	38901
688	39104
689	39050
690	39257
691	39173
692	39360
693	39312
694	39551
695	39477
696	39692
697	39618
698	39823
699	39753
700	39964
701	39898
702	40131
703	40047
704	40264
705	40180
706	40397
707	40325
708	40544
709	40478
710	40705
711	40613
712	40836
713	40758
714	40985
715	40923
716	41156
717	41070
718	41289
719	41201
720	41428
721	41348
722	41585
723	41513
724	41748
725	41662
726	41877
727	41793
728	42024
729	41944
730	42171
731	42089
732	42320
733	42254
734	42487
735	42405
736	42620
737	42536
738	42759
739	42685
740	42920
741	42854
742	43083
743	43003
744	43208
745	43138
746	43355
747	43289
748	43520
749	43454
750	43659
751	43597
752	43812
753	43760
754	43975
755	43915
756	44138
757	44062
758	44271
759	44225
760	44430
761	44378
762	44595
763	44545
764	44750
765	44668
766	44855
767	44837
768	45052
769	44988
770	45159
771	45123
772	45358
773	45304
774	45511
775	45441
776	45650
777	45592
778	45795
779	45737
780	45970
781	45894
782	46111
783	46043
784	46256
785	46184
786	46407
787	46345
788	46576
789	46488
790	46715
791	46645
792	46884
793	46814
794	47055
795	46969
796	47196
797	47108
798	47351
799	47267
800	47508
801	47440
802	47691
803	47593
804	47820
805	47732
806	47987
807	47895
808	48134
809	48048
810	48307
811	48217
812	48470
813	48368
814	48611
815	48515
816	48774
817	48668
818	48919
819	48829
820	49086
821	48986
822	49235
823	49121
824	49370
825	49276
826	49543
827	49453
828	49710
829	49604
830	49847
831	49751
832	50014
833	49918
834	50185
835	50081
836	50338
837	50236
838	50481
839	50393
840	50650
841	50552
842	50813
843	50699
844	50942
845	50864
846	51131
847	51033
848	51278
849	51188
850	51431
851	51319
852	51546
853	51482
854	51769
855	51647
856	51858
857	51796
858	52039
859	51961
860	52218
861	52126
862	52359
863	52277
864	52510
865	52432
866	52671
867	52593
868	52842
869	52740
870	52979
871	52887
872	53110
873	53050
874	53333
875	53201
876	53426
877	53350
878	53623
879	53531
880	53786
881	53688
882	53951
883	53831
884	54078
885	53982
886	54261
887	54151
888	54422
889	54304
890	54557
891	54459
892	54726
893	54620
894	54897
895	54773
896	55030
897	54918
898	55187
899	55083
900	55354
901	55244
902	55511
903	55383
904	55642
905	55544
906	55839
907	55721
908	55994
909	55876
910	56143
911	56039
912	56330
913	56198
914	56463
915	56355
916	56634
917	56520
918	56803
919	56663
920	56926
921	56822
922	57095
923	56983
924	57268
925	57160
926	57435
927	57311
928	57564
929	57450
930	57723
931	57615
932	57900
933	57788
934	58055
935	57937
936	58196
937	58080
938	58343
939	58247
940	58536
941	58420
942	58671
943	58563
944	58832
945	58738
946	58999
947	58901
948	59174
949	59068
950	59323
951	59243
952	59474
953	59396
954	59647
955	59575
956	59818
957	59726
958	59951
959	59907
960	60140
961	60066
962	60271
963	60205
964	60458
965	60374
966	60611
967	60515
968	60758
969	60682
970	60927
971	60831
972	61102
973	60990
974	61247
975	61161
976	61398
977	61314
978	61575
979	61493
980	61742
981	61644
982	61875
983	61829
984	62068
985	61990
986	62199
987	62129
988	62390
989	62298
990	62539
991	62439
992	62690
993	62610
994	62859
995	62759
996	63042
997	62912
998	63179
999	63069
1000	63332
