1	0
2	3
3	7
4	15
5	23
6	30
7	42
8	53
9	71
10	84
11	102
12	115
13	133
14	149
15	169
16	187
17	210
18	223
19	249
20	266
21	289
22	315
23	338
24	358
25	378
26	404
27	435
28	459
29	484
30	522
31	534
32	561
33	587
34	634
35	646
36	670
37	714
38	739
39	778
40	802
41	826
42	857
43	889
44	919
45	939
46	966
47	1003
48	1027
49	1078
50	1106
51	1149
52	1170
53	1205
54	1230
55	1274
56	1286
57	1342
58	1391
59	1418
60	1460
61	1481
62	1517
63	1555
64	1575
65	1627
66	1665
67	1703
68	1727
69	1763
70	1815
71	1851
72	1895
73	1924
74	1956
75	1996
76	2040
77	2074
78	2113
79	2138
80	2173
81	2237
82	2271
83	2317
84	2340
85	2414
86	2427
87	2499
88	2523
89	2594
90	2578
91	2650
92	2707
93	2725
94	2768
95	2797
96	2850
97	2900
98	2945
99	2994
100	3038
101	3064
102	3089
103	3147
104	3202
105	3225
106	3268
107	3315
108	3356
109	3400
110	3446
111	3506
112	3525
113	3604
114	3632
115	3676
116	3754
117	3777
118	3799
119	3862
120	3934
121	3940
122	4000
123	4033
124	4108
125	4125
126	4170
127	4228
128	4274
129	4309
130	4370
131	4409
132	4460
133	4518
134	4593
135	4607
136	4664
137	4682
138	4732
139	4767
140	4868
141	4891
142	4907
143	4979
144	5040
145	5087
146	5130
147	5176
148	5226
149	5248
150	5358
151	5395
152	5466
153	5468
154	5536
155	5600
156	5619
157	5673
158	5716
159	5755
160	5837
161	5864
162	5947
163	5967
164	6023
165	6064
166	6125
167	6181
168	6250
169	6257
170	6355
171	6371
172	6448
173	6469
174	6557
175	6630
176	6666
177	6705
178	6728
179	6790
180	6859
181	6921
182	7006
183	6970
184	7055
185	7120
186	7190
187	7206
188	7251
189	7318
190	7340
191	7425
192	7481
193	7543
194	7581
195	7640
196	7714
197	7719
198	7784
199	7834
200	7863
201	7912
202	7961
203	8072
204	8145
205	8179
206	8211
207	8258
208	8311
209	8345
210	8461
211	8511
212	8551
213	8622
214	8644
215	8712
216	8793
217	8812
218	8866
219	8904
220	9005
221	9080
222	9152
223	9181
224	9197
225	9291
226	9277
227	9410
228	9412
229	9460
230	9521
231	9569
232	9677
233	9744
234	9784
235	9839
236	9826
237	9922
238	9995
239	10058
240	10090
241	10136
242	10198
243	10260
244	10338
245	10382
246	10416
247	10520
248	10542
249	10650
250	10729
251	10708
252	10773
253	10860
254	10945
255	10982
256	10988
257	11098
258	11124
259	11232
260	11291
261	11314
262	11421
263	11442
264	11491
265	11569
266	11641
267	11662
268	11702
269	11800
270	11856
271	11880
272	12011
273	12060
274	12078
275	12186
276	12182
277	12315
278	12400
279	12408
280	12447
281	12511
282	12617
283	12680
284	12710
285	12777
286	12841
287	12946
288	12926
289	13033
290	13075
291	13132
292	13193
293	13279
294	13283
295	13363
296	13461
297	13463
298	13614
299	13647
300	13676
301	13754
302	13797
303	13861
304	13980
305	13988
306	14052
307	14145
308	14176
309	14280
310	14302
311	14367
312	14423
313	14475
314	14553
315	14601
316	14663
317	14804
318	14844
319	14885
320	15022
321	15068
322	15019
323	15120
324	15201
325	15238
326	15267
327	15383
328	15417
329	15452
330	15599
331	15591
332	15733
333	15797
334	15813
335	15875
336	15931
337	16010
338	16090
339	16169
340	16209
341	16319
342	16275
343	16368
344	16491
345	16563
346	16629
347	16728
348	16736
349	16772
350	16880
351	16948
352	16987
353	17034
354	17150
355	17128
356	17196
357	17223
358	17318
359	17396
360	17467
361	17509
362	17562
363	17716
364	17724
365	17803
366	17876
367	17952
368	18009
369	18091
370	18111
371	18211
372	18257
373	18335
374	18456
375	18507
376	18515
377	18570
378	18575
379	18650
380	18783
381	18809
382	18949
383	19004
384	19044
385	19091
386	19147
387	19188
388	19315
389	19369
390	19397
391	19557
392	19587
393	19655
394	19750
395	19701
396	19812
397	19934
398	19961
399	20012
400	20022
401	20160
402	20208
403	20246
404	20324
405	20439
406	20477
407	20476
408	20608
409	20653
410	20773
411	20760
412	20919
413	20921
414	20994
415	21073
416	21152
417	21240
418	21354
419	21370
420	21371
421	21542
422	21558
423	21612
424	21662
425	21729
426	21793
427	21859
428	21942
429	22101
430	22123
431	22177
432	22197
433	22284
434	22404
435	22460
436	22509
437	22633
438	22591
439	22694
440	22793
441	22791
442	22916
443	22957
444	23046
445	23109
446	23197
447	23235
448	23378
449	23349
450	23413
451	23528
452	23560
453	23744
454	23730
455	23773
456	23826
457	23936
458	23933
459	24090
460	24121
461	24250
462	24288
463	24353
464	24354
465	24510
466	24530
467	24662
468	24648
469	24780
470	24841
471	24880
472	24894
473	24990
474	25095
475	25100
476	25227
477	25281
478	25339
479	25493
480	25461
481	25550
482	25677
483	25627
484	25719
485	25811
486	25937
487	25881
488	26086
489	26109
490	26198
491	26274
492	26362
493	26390
494	26502
495	26603
496	26728
497	26659
498	26762
499	26870
500	26875
501	26926
502	27010
503	27139
504	27202
505	27210
506	27328
507	27410
508	27474
509	27535
510	27593
511	27675
512	27777
513	27828
514	27905
515	28007
516	28126
517	28074
518	28132
519	28285
520	28394
521	28395
522	28549
523	28500
524	28637
525	28647
526	28709
527	28862
528	28957
529	29032
530	29070
531	29104
532	29178
533	29260
534	29339
535	29403
536	29462
537	29612
538	29657
539	29728
540	29761
541	29835
542	29928
543	29969
544	30020
545	30156
546	30185
547	30257
548	30391
549	30416
550	30513
551	30600
552	30724
553	30728
554	30833
555	30830
556	30882
557	31049
558	31122
559	31261
560	31262
561	31291
562	31344
563	31453
564	31531
565	31681
566	31612
567	31698
568	31863
569	31830
570	32059
571	32022
572	32118
573	32239
574	32174
575	32298
576	32401
577	32443
578	32512
579	32617
580	32767
581	32711
582	32816
583	32891
584	33019
585	33120
586	33166
587	33260
588	33270
589	33389
590	33508
591	33464
592	33610
593	33635
594	33781
595	33869
596	33841
597	33965
598	34041
599	34091
600	34195
601	34341
602	34237
603	34408
604	34437
605	34601
606	34620
607	34784
608	34842
609	34858
610	34925
611	34972
612	35095
613	35136
614	35215
615	35372
616	35367
617	35460
618	35550
619	35569
620	35680
621	35778
622	35809
623	35932
624	36057
625	35970
626	36143
627	36193
628	36375
629	36422
630	36381
631	36530
632	36640
633	36627
634	36624
635	36847
636	36918
637	36904
638	37049
639	37148
640	37188
641	37329
642	37208
643	37440
644	37491
645	37550
646	37617
647	37629
648	37757
649	37880
650	37878
651	37988
652	38104
653	38142
654	38238
655	38345
656	38341
657	38495
658	38568
659	38662
660	38685
661	38775
662	38866
663	38917
664	39005
665	39077
666	39157
667	39277
668	39231
669	39460
670	39541
671	39515
672	39625
673	39692
674	39846
675	39857
676	39884
677	40060
678	40011
679	40168
680	40283
681	40269
682	40397
683	40367
684	40593
685	40563
686	40705
687	40750
688	40816
689	40959
690	40938
691	41113
692	41172
693	41260
694	41318
695	41445
696	41376
697	41521
698	41654
699	41709
700	41699
701	41935
702	41975
703	42057
704	42121
705	42204
706	42193
707	42334
708	42456
709	42421
710	42599
711	42702
712	42715
713	42781
714	42829
715	42896
716	42975
717	43024
718	43084
719	43158
720	43264
721	43329
722	43399
723	43533
724	43645
725	43646
726	43637
727	43807
728	43900
729	43977
730	44103
731	44049
732	44211
733	44226
734	44420
735	44398
736	44510
737	44652
738	44755
739	44755
740	44782
741	45048
742	45047
743	45108
744	45203
745	45195
746	45324
747	45400
748	45496
749	45477
750	45693
751	45677
752	45887
753	45898
754	45924
755	46159
756	46145
757	46170
758	46235
759	46310
760	46506
761	46514
762	46594
763	46651
764	46762
765	46919
766	46986
767	46902
768	47067
769	47178
770	47168
771	47409
772	47414
773	47445
774	47731
775	47588
776	47698
777	47747
778	47851
779	47971
780	48037
781	48045
782	48191
783	48315
784	48270
785	48377
786	48491
787	48548
788	48760
789	48826
790	48816
791	48969
792	48927
793	49126
794	49160
795	49332
796	49371
797	49428
798	49502
799	49461
800	49709
801	49712
802	49877
803	49958
804	50016
805	50071
806	50160
807	50208
808	50316
809	50317
810	50563
811	50509
812	50609
813	50594
814	50756
815	50837
816	51035
817	51063
818	51140
819	51299
820	51378
821	51362
822	51629
823	51559
824	51677
825	51679
826	51750
827	51899
828	51986
829	51992
830	52159
831	52099
832	52257
833	52321
834	52450
835	52481
836	52486
837	52702
838	52805
839	52814
840	52930
841	52968
842	53090
843	53140
844	53249
845	53328
846	53427
847	53430
848	53658
849	53680
850	53720
851	53746
852	53957
853	54028
854	54170
855	54298
856	54136
857	54355
858	54319
859	54470
860	54484
861	54643
862	54611
863	54820
864	54873
865	54816
866	55096
867	55011
868	55214
869	55257
870	55270
871	55487
872	55539
873	55574
874	55725
875	55693
876	55896
877	55919
878	56015
879	56024
880	56086
881	56241
882	56360
883	56392
884	56583
885	56744
886	56715
887	56786
888	56863
889	56937
890	56995
891	57119
892	57144
893	57368
894	57330
895	57338
896	57518
897	57607
898	57783
899	57834
900	57750
901	57954
902	57939
903	58101
904	58136
905	58242
906	58280
907	58340
908	58484
909	58527
910	58736
911	58789
912	58732
913	58840
914	58999
915	59201
916	59216
917	59286
918	59310
919	59372
920	59464
921	59619
922	59565
923	59695
924	59840
925	59883
926	59920
927	60133
928	60265
929	60183
930	60302
931	60335
932	60484
933	60633
934	60741
935	60824
936	60828
937	60997
938	60949
939	61131
940	61124
941	61246
942	61361
943	61281
944	61519
945	61515
946	61716
947	61838
948	61820
949	61848
950	61998
951	61986
952	62192
953	62232
954	62281
955	62297
956	62527
957	62559
958	62653
959	62796
960	62855
961	62864
962	62958
963	63122
964	63218
965	63144
966	63376
967	63544
968	63442
969	63610
970	63691
971	63715
972	63724
973	64014
974	64034
975	64118
976	64125
977	64167
978	64211
979	64407
980	64586
981	64632
982	64739
983	64752
984	64792
985	64927
986	65042
987	65095
988	65242
989	65169
990	65334
991	65395
992	65583
993	65621
994	65737
995	65681
996	65842
997	65999
998	66011
999	66079
1000	66162
