0.000 7.778868
0.001 7.778868
0.002 7.778868
0.003 7.778868
0.004 7.778868
0.005 7.778868
0.006 7.778868
0.007 7.778868
0.008 7.778014
0.009 7.778014
0.010 7.778014
0.011 7.779607
0.012 7.778711
0.013 7.778711
0.014 7.778711
0.015 7.779366
0.016 7.779730
0.017 7.777956
0.018 7.781201
0.019 7.781691
0.020 7.782430
0.021 7.782430
0.022 7.782514
0.023 7.778449
0.024 7.778449
0.025 7.779039
0.026 7.777755
0.027 7.777306
0.028 7.775267
0.029 7.773274
0.030 7.773274
0.031 7.776171
0.032 7.778677
0.033 7.779274
0.034 7.778983
0.035 7.779007
0.036 7.773132
0.037 7.771890
0.038 7.770993
0.039 7.773135
0.040 7.770940
0.041 7.770391
0.042 7.769694
0.043 7.770433
0.044 7.771833
0.045 7.773475
0.046 7.772943
0.047 7.772943
0.048 7.772411
0.049 7.770237
0.050 7.770281
0.051 7.770488
0.052 7.771485
0.053 7.772110
0.054 7.770425
0.055 7.768776
0.056 7.774628
0.057 7.772266
0.058 7.771973
0.059 7.770277
0.060 7.768684
0.061 7.766154
0.062 7.764461
0.063 7.762028
0.064 7.760658
0.065 7.755722
0.066 7.755116
0.067 7.761522
0.068 7.761948
0.069 7.764438
0.070 7.763874
0.071 7.768296
0.072 7.771499
0.073 7.768945
0.074 7.768191
0.075 7.766783
0.076 7.767728
0.077 7.768487
0.078 7.770362
0.079 7.771503
0.080 7.770813
0.081 7.777725
0.082 7.775096
0.083 7.775751
0.084 7.781193
0.085 7.783668
0.086 7.781797
0.087 7.779291
0.088 7.777101
0.089 7.772555
0.090 7.774939
0.091 7.769759
0.092 7.771011
0.093 7.773501
0.094 7.772156
0.095 7.774314
0.096 7.774011
0.097 7.775367
0.098 7.780534
0.099 7.775998
0.100 7.778468
0.101 7.784530
0.102 7.781933
0.103 7.781359
0.104 7.785178
0.105 7.787143
0.106 7.786607
0.107 7.789032
0.108 7.789074
0.109 7.792591
0.110 7.797422
0.111 7.796588
0.112 7.796182
0.113 7.797457
0.114 7.797043
0.115 7.794063
0.116 7.798990
0.117 7.805382
0.118 7.805933
0.119 7.805758
0.120 7.803958
0.121 7.796893
0.122 7.792914
0.123 7.791811
0.124 7.796201
0.125 7.794269
0.126 7.794992
0.127 7.798373
0.128 7.801293
0.129 7.802229
0.130 7.800029
0.131 7.800370
0.132 7.800038
0.133 7.800883
0.134 7.799450
0.135 7.792628
0.136 7.793234
0.137 7.789744
0.138 7.789477
0.139 7.793176
0.140 7.799483
0.141 7.799360
0.142 7.793772
0.143 7.793806
0.144 7.787865
0.145 7.787405
0.146 7.790106
0.147 7.789976
0.148 7.789428
0.149 7.788232
0.150 7.788480
0.151 7.786274
0.152 7.789732
0.153 7.792055
0.154 7.793723
0.155 7.790745
0.156 7.786362
0.157 7.789033
0.158 7.787481
0.159 7.785472
0.160 7.780891
0.161 7.775513
0.162 7.776872
0.163 7.777459
0.164 7.773833
0.165 7.776453
0.166 7.773001
0.167 7.769608
0.168 7.767933
0.169 7.764189
0.170 7.764325
0.171 7.769629
0.172 7.768465
0.173 7.769422
0.174 7.768766
0.175 7.768972
0.176 7.771440
0.177 7.768269
0.178 7.769927
0.179 7.772786
0.180 7.779532
0.181 7.772219
0.182 7.771671
0.183 7.769646
0.184 7.773281
0.185 7.773107
0.186 7.776662
0.187 7.781907
0.188 7.777538
0.189 7.781171
0.190 7.780197
0.191 7.784174
0.192 7.787254
0.193 7.779913
0.194 7.781119
0.195 7.779814
0.196 7.778121
0.197 7.773995
0.198 7.774125
0.199 7.775638
0.200 7.771738
0.201 7.770327
0.202 7.769795
0.203 7.771006
0.204 7.772940
0.205 7.773270
0.206 7.774447
0.207 7.772570
0.208 7.778822
0.209 7.776796
0.210 7.775651
0.211 7.777434
0.212 7.778579
0.213 7.780921
0.214 7.788976
0.215 7.786221
0.216 7.783141
0.217 7.780806
0.218 7.782874
0.219 7.781597
0.220 7.786001
0.221 7.787108
0.222 7.781043
0.223 7.780051
0.224 7.776616
0.225 7.777496
0.226 7.778036
0.227 7.777336
0.228 7.779774
0.229 7.786147
0.230 7.788159
0.231 7.789088
0.232 7.784002
0.233 7.782756
0.234 7.783047
0.235 7.786260
0.236 7.792950
0.237 7.791382
0.238 7.786474
0.239 7.780897
0.240 7.790035
0.241 7.792751
0.242 7.796196
0.243 7.793996
0.244 7.792628
0.245 7.790353
0.246 7.785969
0.247 7.786314
0.248 7.785321
0.249 7.792036
0.250 7.796550
0.251 7.793314
0.252 7.793885
0.253 7.795801
0.254 7.799188
0.255 7.798479
0.256 7.800114
0.257 7.796844
0.258 7.797999
0.259 7.799866
0.260 7.801376
0.261 7.799832
0.262 7.792341
0.263 7.796638
0.264 7.796288
0.265 7.791734
0.266 7.794076
0.267 7.794248
0.268 7.797806
0.269 7.802687
0.270 7.802162
0.271 7.799695
0.272 7.804540
0.273 7.807501
0.274 7.810467
0.275 7.809283
0.276 7.814412
0.277 7.815896
0.278 7.818493
0.279 7.821894
0.280 7.823945
0.281 7.821896
0.282 7.817529
0.283 7.819478
0.284 7.818136
0.285 7.815159
0.286 7.818104
0.287 7.819633
0.288 7.819020
0.289 7.815941
0.290 7.813964
0.291 7.820251
0.292 7.822251
0.293 7.822122
0.294 7.822837
0.295 7.822777
0.296 7.820793
0.297 7.822786
0.298 7.823713
0.299 7.818903
0.300 7.810677
0.301 7.812865
0.302 7.817036
0.303 7.819126
0.304 7.820337
0.305 7.820218
0.306 7.815825
0.307 7.818723
0.308 7.816971
0.309 7.812810
0.310 7.821022
0.311 7.818731
0.312 7.820726
0.313 7.822085
0.314 7.824546
0.315 7.823756
0.316 7.824214
0.317 7.821643
0.318 7.823401
0.319 7.825908
0.320 7.826563
0.321 7.825976
0.322 7.831176
0.323 7.835499
0.324 7.832021
0.325 7.837667
0.326 7.837967
0.327 7.839959
0.328 7.839575
0.329 7.830679
0.330 7.831452
0.331 7.833237
0.332 7.829007
0.333 7.831913
0.334 7.825200
0.335 7.827265
0.336 7.831530
0.337 7.830039
0.338 7.824320
0.339 7.825251
0.340 7.827517
0.341 7.830069
0.342 7.826394
0.343 7.814785
0.344 7.812494
0.345 7.812468
0.346 7.814230
0.347 7.820662
0.348 7.816765
0.349 7.817926
0.350 7.818123
0.351 7.828230
0.352 7.828885
0.353 7.830762
0.354 7.827946
0.355 7.829362
0.356 7.831140
0.357 7.836633
0.358 7.834217
0.359 7.836001
0.360 7.837350
0.361 7.835795
0.362 7.836511
0.363 7.840240
0.364 7.842772
0.365 7.841633
0.366 7.839362
0.367 7.837745
0.368 7.836251
0.369 7.834309
0.370 7.833658
0.371 7.835443
0.372 7.833204
0.373 7.828733
0.374 7.832224
0.375 7.836995
0.376 7.835034
0.377 7.829380
0.378 7.821386
0.379 7.825651
0.380 7.827631
0.381 7.830102
0.382 7.833631
0.383 7.833654
0.384 7.832444
0.385 7.832928
0.386 7.831093
0.387 7.829964
0.388 7.834725
0.389 7.837439
0.390 7.840061
0.391 7.838419
0.392 7.838109
0.393 7.836748
0.394 7.840325
0.395 7.843854
0.396 7.847893
0.397 7.849161
0.398 7.851586
0.399 7.849340
0.400 7.856824
0.401 7.853124
0.402 7.844511
0.403 7.845101
0.404 7.835521
0.405 7.839131
0.406 7.842072
0.407 7.845650
0.408 7.843975
0.409 7.845213
0.410 7.845004
0.411 7.849682
0.412 7.850188
0.413 7.849675
0.414 7.847821
0.415 7.846253
0.416 7.847091
0.417 7.843881
0.418 7.845756
0.419 7.843185
0.420 7.839831
0.421 7.839491
0.422 7.837226
0.423 7.831287
0.424 7.830681
0.425 7.829352
0.426 7.828374
0.427 7.832830
0.428 7.836033
0.429 7.832216
0.430 7.830730
0.431 7.834746
0.432 7.832423
0.433 7.828723
0.434 7.830393
0.435 7.828818
0.436 7.829696
0.437 7.833215
0.438 7.836566
0.439 7.834899
0.440 7.833557
0.441 7.834270
0.442 7.829282
0.443 7.833894
0.444 7.835845
0.445 7.835090
0.446 7.833573
0.447 7.834628
0.448 7.837822
0.449 7.834893
0.450 7.836612
0.451 7.840594
0.452 7.836833
0.453 7.829204
0.454 7.828869
0.455 7.828618
0.456 7.832789
0.457 7.831927
0.458 7.831513
0.459 7.834865
0.460 7.824585
0.461 7.823172
0.462 7.823156
0.463 7.825088
0.464 7.819827
0.465 7.824194
0.466 7.826126
0.467 7.830656
0.468 7.828914
0.469 7.827995
0.470 7.829759
0.471 7.827543
0.472 7.830189
0.473 7.832963
0.474 7.839279
0.475 7.826647
0.476 7.830224
0.477 7.826596
0.478 7.825718
0.479 7.824960
0.480 7.822121
0.481 7.821611
0.482 7.816577
0.483 7.815083
0.484 7.816790
0.485 7.817687
0.486 7.818330
0.487 7.816333
0.488 7.817312
0.489 7.813028
0.490 7.813193
0.491 7.813051
0.492 7.811109
0.493 7.809515
0.494 7.812993
0.495 7.814941
0.496 7.826426
0.497 7.827720
0.498 7.831785
0.499 7.832501
0.500 7.829149
0.501 7.830241
0.502 7.820566
0.503 7.821853
0.504 7.817008
0.505 7.817072
0.506 7.817363
0.507 7.820323
0.508 7.822369
0.509 7.820011
0.510 7.823083
0.511 7.829379
0.512 7.832192
0.513 7.830524
0.514 7.832801
0.515 7.832069
0.516 7.836766
0.517 7.837311
0.518 7.833485
0.519 7.832514
0.520 7.832760
0.521 7.833747
0.522 7.835024
0.523 7.835040
0.524 7.827263
0.525 7.832533
0.526 7.830004
0.527 7.835447
0.528 7.837914
0.529 7.840579
0.530 7.845763
0.531 7.843034
0.532 7.840111
0.533 7.836955
0.534 7.831471
0.535 7.834494
0.536 7.831914
0.537 7.833158
0.538 7.831897
0.539 7.832549
0.540 7.837242
0.541 7.835142
0.542 7.835597
0.543 7.835756
0.544 7.831224
0.545 7.823818
0.546 7.824664
0.547 7.827722
0.548 7.827342
0.549 7.833209
0.550 7.830287
0.551 7.830475
0.552 7.827644
0.553 7.825328
0.554 7.823724
0.555 7.826518
0.556 7.824254
0.557 7.818105
0.558 7.820628
0.559 7.826234
0.560 7.824748
0.561 7.828005
0.562 7.824388
0.563 7.826850
0.564 7.823984
0.565 7.824610
0.566 7.829783
0.567 7.830746
0.568 7.832132
0.569 7.824726
0.570 7.820204
0.571 7.821381
0.572 7.813214
0.573 7.812996
0.574 7.816957
0.575 7.819528
0.576 7.815617
0.577 7.815843
0.578 7.813621
0.579 7.801538
0.580 7.803850
0.581 7.806341
0.582 7.806690
0.583 7.805510
0.584 7.804823
0.585 7.803113
0.586 7.797981
0.587 7.793381
0.588 7.791655
0.589 7.792139
0.590 7.785832
0.591 7.783860
0.592 7.785891
0.593 7.784414
0.594 7.791557
0.595 7.791181
0.596 7.788010
0.597 7.784891
0.598 7.785900
0.599 7.781789
0.600 7.784544
0.601 7.785661
0.602 7.788325
0.603 7.789163
0.604 7.796278
0.605 7.796177
0.606 7.801320
0.607 7.794706
0.608 7.789441
0.609 7.786921
0.610 7.784195
0.611 7.784460
0.612 7.790973
0.613 7.787470
0.614 7.788507
0.615 7.779898
0.616 7.787369
0.617 7.792225
0.618 7.795059
0.619 7.795165
0.620 7.791272
0.621 7.790646
0.622 7.790472
0.623 7.787178
0.624 7.787866
0.625 7.786344
0.626 7.788050
0.627 7.795411
0.628 7.795955
0.629 7.804630
0.630 7.800079
0.631 7.798072
0.632 7.802572
0.633 7.801608
0.634 7.797675
0.635 7.798421
0.636 7.800812
0.637 7.804214
0.638 7.805142
0.639 7.809425
0.640 7.805771
0.641 7.803783
0.642 7.806619
0.643 7.801615
0.644 7.805706
0.645 7.807999
0.646 7.806447
0.647 7.811734
0.648 7.813850
0.649 7.814482
0.650 7.821843
0.651 7.818672
0.652 7.816688
0.653 7.812649
0.654 7.820001
0.655 7.821182
0.656 7.822259
0.657 7.817792
0.658 7.818689
0.659 7.819675
0.660 7.821992
0.661 7.824009
0.662 7.817808
0.663 7.816131
0.664 7.814702
0.665 7.813234
0.666 7.809589
0.667 7.810186
0.668 7.808845
0.669 7.807255
0.670 7.811652
0.671 7.809884
0.672 7.806255
0.673 7.806081
0.674 7.796178
0.675 7.799548
0.676 7.799984
0.677 7.801229
0.678 7.799984
0.679 7.805438
0.680 7.801289
0.681 7.798967
0.682 7.800247
0.683 7.799369
0.684 7.801515
0.685 7.794437
0.686 7.796052
0.687 7.799397
0.688 7.795004
0.689 7.804133
0.690 7.804130
0.691 7.805188
0.692 7.804986
0.693 7.805814
0.694 7.803730
0.695 7.807544
0.696 7.807505
0.697 7.807289
0.698 7.800770
0.699 7.805899
0.700 7.803908
0.701 7.815876
0.702 7.815960
0.703 7.812017
0.704 7.819242
0.705 7.818390
0.706 7.823642
0.707 7.824391
0.708 7.825272
0.709 7.826316
0.710 7.826416
0.711 7.824565
0.712 7.822300
0.713 7.820168
0.714 7.815588
0.715 7.815182
0.716 7.817630
0.717 7.818561
0.718 7.816610
0.719 7.824126
0.720 7.821281
0.721 7.819236
0.722 7.817368
0.723 7.820704
0.724 7.827965
0.725 7.827294
0.726 7.825420
0.727 7.823298
0.728 7.822525
0.729 7.823157
0.730 7.817758
0.731 7.815953
0.732 7.811185
0.733 7.811178
0.734 7.811091
0.735 7.814313
0.736 7.819405
0.737 7.817431
0.738 7.819960
0.739 7.814228
0.740 7.813580
0.741 7.813131
0.742 7.813190
0.743 7.815174
0.744 7.816319
0.745 7.820793
0.746 7.815867
0.747 7.812013
0.748 7.811274
0.749 7.810525
0.750 7.805015
0.751 7.809647
0.752 7.809034
0.753 7.806012
0.754 7.808502
0.755 7.807547
0.756 7.808240
0.757 7.811685
0.758 7.809191
0.759 7.804068
0.760 7.808677
0.761 7.811393
0.762 7.813671
0.763 7.812848
0.764 7.812939
0.765 7.816997
0.766 7.812659
0.767 7.812134
0.768 7.816865
0.769 7.822491
0.770 7.822559
0.771 7.825691
0.772 7.825324
0.773 7.824360
0.774 7.824818
0.775 7.818611
0.776 7.812228
0.777 7.808641
0.778 7.804148
0.779 7.806092
0.780 7.809750
0.781 7.814015
0.782 7.808171
0.783 7.809291
0.784 7.807636
0.785 7.805388
0.786 7.804533
0.787 7.804514
0.788 7.805733
0.789 7.803682
0.790 7.807076
0.791 7.808744
0.792 7.809308
0.793 7.804670
0.794 7.805799
0.795 7.807757
0.796 7.813361
0.797 7.809154
0.798 7.795530
0.799 7.794859
0.800 7.794543
0.801 7.797488
0.802 7.793588
0.803 7.795837
0.804 7.796411
0.805 7.805530
0.806 7.812169
0.807 7.810544
0.808 7.808137
0.809 7.806651
0.810 7.812660
0.811 7.810369
0.812 7.812021
0.813 7.811656
0.814 7.808850
0.815 7.807064
0.816 7.803693
0.817 7.800467
0.818 7.807854
0.819 7.806318
0.820 7.803540
0.821 7.797907
0.822 7.796172
0.823 7.792020
0.824 7.794965
0.825 7.795088
0.826 7.787636
0.827 7.778986
0.828 7.781943
0.829 7.777531
0.830 7.774802
0.831 7.775625
0.832 7.767910
0.833 7.765100
0.834 7.761097
0.835 7.768905
0.836 7.771873
0.837 7.766191
0.838 7.766788
0.839 7.755956
0.840 7.759566
0.841 7.754895
0.842 7.755350
0.843 7.761127
0.844 7.769192
0.845 7.766770
0.846 7.769098
0.847 7.771788
0.848 7.774143
0.849 7.770241
0.850 7.775347
0.851 7.779421
0.852 7.780343
0.853 7.778868
0.854 7.780685
0.855 7.785175
0.856 7.781623
0.857 7.785379
0.858 7.786608
0.859 7.785291
0.860 7.786617
0.861 7.790062
0.862 7.792185
0.863 7.789501
0.864 7.783495
0.865 7.784433
0.866 7.784408
0.867 7.786730
0.868 7.787608
0.869 7.783540
0.870 7.780151
0.871 7.780908
0.872 7.784479
0.873 7.785524
0.874 7.787417
0.875 7.783814
0.876 7.785550
0.877 7.784653
0.878 7.783998
0.879 7.784447
0.880 7.785290
0.881 7.782003
0.882 7.784270
0.883 7.786271
0.884 7.786652
0.885 7.784509
0.886 7.786337
0.887 7.788130
0.888 7.777318
0.889 7.776746
0.890 7.780340
0.891 7.783601
0.892 7.785320
0.893 7.779527
0.894 7.782098
0.895 7.777253
0.896 7.783414
0.897 7.783755
0.898 7.784203
0.899 7.786717
0.900 7.783971
0.901 7.782458
0.902 7.781968
0.903 7.777197
0.904 7.781359
0.905 7.779826
0.906 7.780317
0.907 7.783187
0.908 7.784846
0.909 7.788888
0.910 7.788481
0.911 7.788714
0.912 7.785363
0.913 7.781421
0.914 7.778002
0.915 7.779611
0.916 7.781388
0.917 7.783957
0.918 7.784473
0.919 7.786490
0.920 7.783570
0.921 7.781428
0.922 7.779835
0.923 7.782209
0.924 7.780167
0.925 7.782637
0.926 7.785959
0.927 7.789949
0.928 7.792172
0.929 7.790836
0.930 7.790548
0.931 7.787728
0.932 7.792467
0.933 7.794616
0.934 7.792225
0.935 7.793329
0.936 7.793761
0.937 7.789471
0.938 7.785631
0.939 7.794225
0.940 7.795923
0.941 7.789498
0.942 7.791069
0.943 7.791923
0.944 7.789724
0.945 7.786127
0.946 7.787008
0.947 7.790801
0.948 7.791526
0.949 7.791875
0.950 7.790032
0.951 7.789278
0.952 7.789519
0.953 7.788193
0.954 7.788193
0.955 7.787829
0.956 7.786725
0.957 7.786235
0.958 7.786184
0.959 7.786674
0.960 7.786184
0.961 7.786674
0.962 7.788284
0.963 7.786042
0.964 7.785752
0.965 7.786697
0.966 7.788042
0.967 7.786716
0.968 7.788855
0.969 7.788855
0.970 7.785587
0.971 7.785587
0.972 7.785587
0.973 7.784483
0.974 7.784119
0.975 7.783264
0.976 7.782409
0.977 7.782409
0.978 7.778751
0.979 7.778365
0.980 7.778365
0.981 7.779974
0.982 7.779236
0.983 7.778745
0.984 7.777990
0.985 7.777335
0.986 7.775558
0.987 7.775558
0.988 7.776803
0.989 7.776803
0.990 7.777458
0.991 7.778113
0.992 7.778868
0.993 7.778868
0.994 7.778868
0.995 7.778868
0.996 7.778868
0.997 7.778868
0.998 7.778868
0.999 7.778868
1.000 7.778868
